[gd_scene load_steps=7 format=3 uid="uid://dusmwnv4404g3"]

[sub_resource type="StandardMaterial3D" id="1"]
albedo_color = Color(0.16, 0.5, 0.18, 1)

[sub_resource type="PlaneMesh" id="2"]
material = SubResource("1")
size = Vector2(14, 18)

[sub_resource type="BoxShape3D" id="5"]
size = Vector3(14, 0.2, 18)

[sub_resource type="StandardMaterial3D" id="3"]
transparency = 1
albedo_color = Color(0.95, 0.95, 0.95, 0.8)

[sub_resource type="BoxMesh" id="4"]
material = SubResource("3")
size = Vector3(0.05, 3, 10)

[sub_resource type="BoxShape3D" id="6"]
size = Vector3(0.05, 3, 10)

[node name="Main3D" type="Node3D"]

[node name="DirectionalLight3D" type="DirectionalLight3D" parent="."]
transform = Transform3D(0.866025, 0.353553, -0.353553, 0, 0.707107, 0.707107, 0.5, -0.612372, 0.612372, -0.00310683, -0.00555289, 0.00682735)
light_energy = 1.2

[node name="Camera3D" type="Camera3D" parent="."]
transform = Transform3D(0.961193, 0.0160709, 0.275408, -0.201575, 0.722482, 0.661352, -0.188349, -0.691203, 0.697685, 0.52354, 12, 13.9841)
current = true
fov = 50.0

[node name="Court" type="MeshInstance3D" parent="."]
transform = Transform3D(1, 0, 0, 0, 0.907814, 0.419373, 0, -0.419373, 0.907814, -2.29484, 2.06069, 0)
mesh = SubResource("2")

[node name="GroundBody" type="StaticBody3D" parent="."]

[node name="CollisionShape3D" type="CollisionShape3D" parent="GroundBody"]
transform = Transform3D(1, 0, 0, 0, 1, 0, 0, 0, 1, 0, -0.1, 0)
shape = SubResource("5")

[node name="Net" type="MeshInstance3D" parent="."]
transform = Transform3D(-0.369958, 0, -0.929049, 0, 1, 0, 0.929049, 0, -0.369958, 0, 5.92116, 0.335596)
mesh = SubResource("4")

[node name="NetBody" type="StaticBody3D" parent="."]

[node name="NetCollision" type="CollisionShape3D" parent="NetBody"]
transform = Transform3D(1, 0, 0, 0, 1, 0, 0, 0, 1, 0, 1.5, 0)
shape = SubResource("6")
